9 0.000000683295 0.031791
9 0.000001675451 0.081150
9 0.000002684572 0.130952
9 0.000003816097 0.185267
9 0.000004938611 0.234908
9 0.000006205273 0.286766
9 0.000007443659 0.335722
9 0.000008774354 0.384436
9 0.000010201019 0.433916
9 0.000011755437 0.485813
9 0.000013355527 0.534165
9 0.000016290085 0.611246
9 0.000018106315 0.659396
9 0.000020055265 0.710366
9 0.000021995559 0.757106
9 0.000024177137 0.809366
9 0.000026234424 0.856872
9 0.000028663537 0.908689
9 0.000030932073 0.955469
9 0.000033697474 1.010348
9 0.000030894876 0.956154
9 0.000028670680 0.908608
9 0.000026251661 0.856670
9 0.000024155875 0.809004
9 0.000021985913 0.757872
9 0.000020077349 0.710930
9 0.000018094824 0.658912
9 0.000016386604 0.611729
9 0.000013444522 0.535817
9 0.000011803476 0.485612
9 0.000010225798 0.433835
9 0.000008844045 0.384517
9 0.000007475445 0.335198
9 0.000006243614 0.286725
9 0.000004983858 0.234828
9 0.000003857585 0.184381
9 0.000002739030 0.132081
9 0.000001708124 0.081835
9 0.000000703936 0.031872
9 -0.000001292166 -0.061004
9 -0.000002296715 -0.109718
9 -0.000003370395 -0.159883
9 -0.000004489998 -0.209725
9 -0.000005657540 -0.258359
9 -0.000006928009 -0.309007
9 -0.000008282042 -0.359132
9 -0.000009667885 -0.408289
9 -0.000011153362 -0.459623
9 -0.000012730940 -0.508861
9 -0.000013289136 -0.558703
9 -0.000016332854 -0.608908
9 -0.000018223812 -0.659919
9 -0.000020131858 -0.709158
9 -0.000023157664 -0.782894
9 -0.000025455950 -0.837289
9 -0.000027554412 -0.884190
9 -0.000029980013 -0.937136
9 -0.000032263011 -0.984238
9 -0.000034981779 -1.038311
9 -0.000032177080 -0.983835
9 -0.000029821309 -0.936289
9 -0.000027250373 -0.883505
9 -0.000025097541 -0.835799
9 -0.000022806473 -0.781967
9 -0.000019831172 -0.708835
9 -0.000017947345 -0.659637
9 -0.000016095819 -0.608103
9 -0.000013047664 -0.557817
9 -0.000012484474 -0.509667
9 -0.000010935999 -0.459462
9 -0.000009486007 -0.408854
9 -0.000008129510 -0.358648
9 -0.000006793653 -0.308484
9 -0.000005592608 -0.259084
9 -0.000004434540 -0.210531
9 -0.000003346201 -0.160810
9 -0.000002279025 -0.109758
9 -0.000001265888 -0.059755
10 0.000000275664 0.031147
10 0.000000707925 0.081956
10 0.000001213022 0.130429
10 0.000001886831 0.183817
10 0.000002650545 0.234022
10 0.000003565333 0.286121
10 0.000004541981 0.335359
10 0.000005579296 0.384194
10 0.000006751674 0.432626
10 0.000008099808 0.485088
10 0.000009448948 0.534125
10 0.000011772951 0.610641
10 0.000013304622 0.658751
10 0.000015343732 0.709198
10 0.000017001121 0.756300
10 0.000019018704 0.808399
10 0.000020954533 0.855059
10 0.000023181016 0.908044
10 0.000025161184 0.954461
10 0.000027715102 1.009542
10 0.000025183007 0.954421
10 0.000023188802 0.907923
10 0.000021004816 0.856026
10 0.000019164812 0.809366
10 0.000017153496 0.756985
10 0.000015473905 0.709601
10 0.000013389852 0.658187
10 0.000011848035 0.610843
10 0.000009549008 0.534648
10 0.000008209652 0.486418
10 0.000006892449 0.434158
10 0.000005690285 0.384154
10 0.000004595241 0.334996
10 0.000003612784 0.285275
10 0.000002665419 0.232894
10 0.000001914523 0.183777
10 0.000001233611 0.130751
10 0.000000721131 0.081190
10 0.000000277536 0.030784
10 -0.000000563839 -0.061527
10 -0.000001097338 -0.110484
10 -0.000001770335 -0.161736
10 -0.000002535723 -0.211095
10 -0.000003413243 -0.258802
10 -0.000004428631 -0.309652
10 -0.000005584804 -0.359293
10 -0.000006808788 -0.409095
10 -0.000008131825 -0.459502
10 -0.000009554345 -0.509022
10 -0.000011064813 -0.558542
10 -0.000012653801 -0.608264
10 -0.000013378341 -0.660685
10 -0.000016409899 -0.710326
10 -0.000019208264 -0.783418
10 -0.000021282324 -0.837007
10 -0.000023216564 -0.884835
10 -0.000025466381 -0.937256
10 -0.000027654697 -0.985447
10 -0.000029913802 -1.038593
10 -0.000027285410 -0.984802
10 -0.000024998753 -0.938103
10 -0.000022723407 -0.885238
10 -0.000020628213 -0.838740
10 -0.000018472605 -0.783579
10 -0.000015747150 -0.710729
10 -0.000012791414 -0.660846
10 -0.000012105664 -0.609513
10 -0.000010624277 -0.559993
10 -0.000009071477 -0.510473
10 -0.000007751249 -0.461114
10 -0.000006491394 -0.409136
10 -0.000005269382 -0.360059
10 -0.000004189163 -0.309974
10 -0.000003262648 -0.261381
10 -0.000002394636 -0.211297
10 -0.000001661769 -0.162582
10 -0.000001018217 -0.111048
10 -0.000000529156 -0.061286
11 0.000000178710 0.031791
11 0.000000448844 0.080707
11 0.000000778532 0.130670
11 0.000001254279 0.183212
11 0.000001835323 0.233700
11 0.000002570040 0.286202
11 0.000003381823 0.335117
11 0.000004287760 0.382865
11 0.000005370468 0.433916
11 0.000006575399 0.485813
11 0.000007825680 0.535656
11 0.000009920431 0.612575
11 0.000011315273 0.658549
11 0.000012992058 0.710004
11 0.000014892331 0.756824
11 0.000016793937 0.809890
11 0.000018560958 0.856268
11 0.000020680956 0.907601
11 0.000022742303 0.954139
11 0.000025231840 1.009583
11 0.000022802812 0.955026
11 0.000020780112 0.906674
11 0.000018728455 0.855462
11 0.000016962258 0.807593
11 0.000015012944 0.755897
11 0.000013130893 0.708473
11 0.000011502472 0.658670
11 0.000010091478 0.609916
11 0.000007955386 0.533883
11 0.000006675220 0.485491
11 0.000005429984 0.432465
11 0.000004403364 0.383267
11 0.000003447217 0.334674
11 0.000002612579 0.285234
11 0.000001878942 0.233619
11 0.000001294922 0.183978
11 0.000000800375 0.130106
11 0.000000460599 0.080505
11 0.000000176737 0.030462
11 -0.000000380877 -0.061326
11 -0.000000757660 -0.110282
11 -0.000001270113 -0.161454
11 -0.000001934250 -0.211377
11 -0.000002636706 -0.260414
11 -0.000003499386 -0.309007
11 -0.000004517905 -0.358810
11 -0.000005571413 -0.408854
11 -0.000006749140 -0.459945
11 -0.000007954448 -0.509788
11 -0.000009233209 -0.559187
11 -0.000010680017 -0.608908
11 -0.000012162893 -0.660685
11 -0.000012730003 -0.710084
11 -0.000016507226 -0.784667
11 -0.000018489119 -0.838377
11 -0.000020262454 -0.885681
11 -0.000022112898 -0.937377
11 -0.000023844379 -0.984359
11 -0.000025967587 -1.037586
11 -0.000023381221 -0.984359
11 -0.000021516572 -0.936652
11 -0.000019289975 -0.884352
11 -0.000017550201 -0.837088
11 -0.000015605447 -0.782733
11 -0.000012785772 -0.710165
11 -0.000011235240 -0.660081
11 -0.000009746576 -0.607337
11 -0.000008415918 -0.558542
11 -0.000007195207 -0.509586
11 -0.000005966714 -0.459945
11 -0.000004871016 -0.409780
11 -0.000003905102 -0.359656
11 -0.000003024123 -0.309289
11 -0.000002244457 -0.259729
11 -0.000001589234 -0.210894
11 -0.000001065168 -0.160810
11 -0.000000636874 -0.109678
11 -0.000000313051 -0.061205
12 0.000000137929 0.031952
12 0.000000346670 0.080626
12 0.000000604765 0.130187
12 0.000000946759 0.182407
12 0.000001387249 0.233095
12 0.000001955851 0.283864
12 0.000002660923 0.333788
12 0.000003471260 0.382139
12 0.000004382695 0.432546
12 0.000005515971 0.484282
12 0.000006704353 0.533802
12 0.000008748535 0.610440
12 0.000010152930 0.656898
12 0.000011744692 0.708956
12 0.000013354169 0.756300
12 0.000015406832 0.807311
12 0.000017124563 0.854092
12 0.000019279365 0.906110
12 0.000021191155 0.953414
12 0.000023712611 1.008293
12 0.000021232118 0.953253
12 0.000019225530 0.905344
12 0.000017200076 0.854333
12 0.000015492695 0.807593
12 0.000013369214 0.755575
12 0.000011748505 0.707868
12 0.000010181864 0.657139
12 0.000008843127 0.609392
12 0.000006722973 0.531868
12 0.000005580457 0.483597
12 0.000004421798 0.431941
12 0.000003484498 0.381898
12 0.000002686240 0.334191
12 0.000001985090 0.284590
12 0.000001379568 0.232370
12 0.000000928285 0.181722
12 0.000000591937 0.130630
12 0.000000337776 0.080908
12 0.000000131659 0.030502
12 -0.000000296918 -0.062535
12 -0.000000588083 -0.111289
12 -0.000000964347 -0.161092
12 -0.000001436499 -0.210974
12 -0.000002026749 -0.260051
12 -0.000002709697 -0.310176
12 -0.000003576947 -0.359615
12 -0.000004534815 -0.409901
12 -0.000005469696 -0.461396
12 -0.000006598047 -0.510835
12 -0.000007684945 -0.560355
12 -0.000008877256 -0.610077
12 -0.000010235305 -0.661491
12 -0.000011576962 -0.711656
12 -0.000012650682 -0.784908
12 -0.000015397136 -0.838216
12 -0.000016757063 -0.885238
12 -0.000018556305 -0.938586
12 -0.000019573722 -0.986938
12 -0.000021008511 -1.040971
12 -0.000018775910 -0.986535
12 -0.000016903761 -0.938989
12 -0.000014995059 -0.885722
12 -0.000013203198 -0.837612
12 -0.000011629576 -0.784224
12 -0.000009531044 -0.710084
12 -0.000008265024 -0.660725
12 -0.000007064157 -0.608908
12 -0.000006023955 -0.560073
12 -0.000004958921 -0.509183
12 -0.000004082388 -0.460912
12 -0.000003297870 -0.409861
12 -0.000002561891 -0.360059
12 -0.000001951987 -0.309894
12 -0.000001434426 -0.260374
12 -0.000001013838 -0.211700
12 -0.000000676019 -0.162381
12 -0.000000415444 -0.113062
12 -0.000000219248 -0.062051
13 0.000000084504 0.030018
13 0.000000220014 0.081029
13 0.000000388361 0.130832
13 0.000000624247 0.183414
13 0.000000940988 0.233095
13 0.000001387292 0.284993
13 0.000001945039 0.334473
13 0.000002638788 0.383630
13 0.000003490565 0.433352
13 0.000004508476 0.485692
13 0.000005683855 0.534125
13 0.000007695431 0.611608
13 0.000009148674 0.658872
13 0.000010804925 0.709883
13 0.000012371186 0.755696
13 0.000013182380 0.807795
13 0.000016515220 0.855220
13 0.000018652921 0.907158
13 0.000020677303 0.954300
13 0.000023365790 1.010026
13 0.000020854505 0.953817
13 0.000018869309 0.907762
13 0.000016687496 0.855945
13 0.000014980640 0.808319
13 0.000012685767 0.756542
13 0.000011136133 0.710044
13 0.000009426551 0.657502
13 0.000008043338 0.611286
13 0.000006024044 0.534608
13 0.000004823871 0.484806
13 0.000003747673 0.433070
13 0.000002899475 0.383308
13 0.000002102306 0.334352
13 0.000001486621 0.285476
13 0.000001017165 0.233579
13 0.000000659503 0.182407
13 0.000000403464 0.129864
13 0.000000225461 0.080707
13 0.000000083819 0.030824
13 -0.000000181273 -0.061689
13 -0.000000366334 -0.110886
13 -0.000000630518 -0.160366
13 -0.000000957245 -0.211055
13 -0.000001383387 -0.260575
13 -0.000001919628 -0.309773
13 -0.000002635130 -0.360784
13 -0.000003326839 -0.410183
13 -0.000004157400 -0.459623
13 -0.000005118637 -0.510110
13 -0.000005978481 -0.558663
13 -0.000007105119 -0.609352
13 -0.000008244148 -0.660040
13 -0.000009363152 -0.710810
13 -0.000011095190 -0.784626
13 -0.000012295305 -0.838700
13 -0.000013395244 -0.884835
13 -0.000014876857 -0.938103
13 -0.000016127846 -0.985407
13 -0.000017416556 -1.038634
13 -0.000015391499 -0.985447
13 -0.000013411265 -0.938143
13 -0.000011896750 -0.886044
13 -0.000010547900 -0.838418
13 -0.000009103282 -0.784707
13 -0.000007370525 -0.712180
13 -0.000006314349 -0.662176
13 -0.000005289931 -0.610117
13 -0.000004399034 -0.561564
13 -0.000003588509 -0.510916
13 -0.000002878159 -0.462202
13 -0.000002265889 -0.410667
13 -0.000001761258 -0.359938
13 -0.000001309705 -0.310055
13 -0.000000927878 -0.261864
13 -0.000000661438 -0.213352
13 -0.000000433697 -0.162421
13 -0.000000270941 -0.112297
13 -0.000000144848 -0.062575
14 0.000000689833 0.032597
14 0.000001642625 0.083286
14 0.000002583924 0.132766
14 0.000003638454 0.185429
14 0.000004657960 0.234788
14 0.000005820543 0.287249
14 0.000007025803 0.336850
14 0.000008281081 0.386048
14 0.000009691469 0.435487
14 0.000011199002 0.486216
14 0.000012806581 0.535172
14 0.000015742299 0.611648
14 0.000017618865 0.659476
14 0.000019751827 0.711011
14 0.000021776953 0.759323
14 0.000024112150 0.809769
14 0.000026320557 0.857718
14 0.000028963612 0.908648
14 0.000031606790 0.955751
14 0.000034725999 1.011396
14 0.000031816015 0.956597
14 0.000029295492 0.908689
14 0.000026695925 0.857758
14 0.000024420893 0.809568
14 0.000022110706 0.758154
14 0.000020094429 0.711212
14 0.000017927872 0.659194
14 0.000016162668 0.611971
14 0.000013104081 0.535575
14 0.000011477143 0.486941
14 0.000009866899 0.434117
14 0.000008476080 0.384355
14 0.000007179859 0.335399
14 0.000005959262 0.287451
14 0.000004740353 0.234949
14 0.000003690782 0.185308
14 0.000002619701 0.132121
14 0.000001636807 0.082158
14 0.000000679897 0.031590
14 -0.000001205124 -0.057941
14 -0.000002185073 -0.110443
14 -0.000003163264 -0.160205
14 -0.000004140851 -0.210048
14 -0.000005194872 -0.260575
14 -0.000006272439 -0.309894
14 -0.000007510196 -0.359011
14 -0.000008592060 -0.408289
14 -0.000009867917 -0.459502
14 -0.000011217373 -0.510070
14 -0.000012630757 -0.559429
14 -0.000013084437 -0.610037
14 -0.000016082829 -0.660443
14 -0.000017793986 -0.710004
14 -0.000020484240 -0.784022
14 -0.000022639743 -0.837572
14 -0.000024640443 -0.884634
14 -0.000026989037 -0.937418
14 -0.000029363151 -0.984842
14 -0.000031927340 -1.037747
14 -0.000029290446 -0.985165
14 -0.000026953466 -0.937740
14 -0.000024524498 -0.883505
14 -0.000022513693 -0.837531
14 -0.000020342004 -0.783136
14 -0.000017610105 -0.709762
14 -0.000015910240 -0.660846
14 -0.000012918162 -0.607216
14 -0.000012471079 -0.558139
14 -0.000011118921 -0.510231
14 -0.000009779466 -0.460791
14 -0.000008507708 -0.408692
14 -0.000007421074 -0.359978
14 -0.000006185997 -0.308806
14 -0.000005131326 -0.259528
14 -0.000004115659 -0.211015
14 -0.000003141620 -0.161253
14 -0.000002185122 -0.111370
14 -0.000001218745 -0.060923
15 0.000000099934 0.032960
15 0.000000252344 0.083245
15 0.000000442290 0.132524
15 0.000000717607 0.185429
15 0.000001083738 0.235311
15 0.000001579904 0.286645
15 0.000002212313 0.336608
15 0.000002964988 0.385081
15 0.000003797516 0.434359
15 0.000004871733 0.485854
15 0.000006065137 0.536502
15 0.000008044274 0.613421
15 0.000009416846 0.660685
15 0.000011016086 0.712059
15 0.000012549146 0.759282
15 0.000013360262 0.811945
15 0.000016466898 0.858846
15 0.000018425066 0.909656
15 0.000020527974 0.956557
15 0.000022972013 1.011919
15 0.000020661845 0.956879
15 0.000018715014 0.910744
15 0.000016595398 0.857919
15 0.000014897787 0.811623
15 0.000012815684 0.758516
15 0.000011192670 0.711575
15 0.000009645864 0.660161
15 0.000008291931 0.613139
15 0.000006296959 0.536341
15 0.000005134391 0.486216
15 0.000004004447 0.434117
15 0.000003096902 0.385806
15 0.000002308450 0.336044
15 0.000001691164 0.287128
15 0.000001141662 0.235553
15 0.000000769298 0.185308
15 0.000000471633 0.132725
15 0.000000262571 0.083407
15 0.000000102897 0.032234
15 -0.000000192164 -0.059513
15 -0.000000404129 -0.109516
15 -0.000000682958 -0.160971
15 -0.000001091565 -0.210370
15 -0.000001518213 -0.257553
15 -0.000002097450 -0.307919
15 -0.000002745929 -0.357037
15 -0.000003494784 -0.406879
15 -0.000004418959 -0.457689
15 -0.000005365364 -0.508216
15 -0.000006371083 -0.557938
15 -0.000007435334 -0.606652
15 -0.000008540298 -0.658751
15 -0.000009745128 -0.708714
15 -0.000011701869 -0.780718
15 -0.000013148438 -0.834953
15 -0.000013488173 -0.882700
15 -0.000016437222 -0.935967
15 -0.000017909184 -0.983835
15 -0.000019262364 -1.036942
15 -0.000017129822 -0.982949
15 -0.000015146535 -0.934960
15 -0.000013057616 -0.881612
15 -0.000011691633 -0.834791
15 -0.000010182911 -0.781766
15 -0.000008407767 -0.708513
15 -0.000007255414 -0.658590
15 -0.000006088613 -0.607619
15 -0.000005069953 -0.558220
15 -0.000004195682 -0.508579
15 -0.000003395893 -0.459139
15 -0.000002619473 -0.407121
15 -0.000002027826 -0.357722
15 -0.000001520932 -0.308242
15 -0.000001067443 -0.259084
15 -0.000000741282 -0.210007
15 -0.000000478632 -0.160084
15 -0.000000295141 -0.109516
15 -0.000000154245 -0.060842
16 0.000000543473 0.033000
16 0.000001291445 0.082842
16 0.000002032845 0.132242
16 0.000002862434 0.184864
16 0.000003704468 0.235271
16 0.000004648152 0.286645
16 0.000005621300 0.335923
16 0.000006670918 0.384275
16 0.000007822226 0.435528
16 0.000009140152 0.487586
16 0.000010461243 0.535132
16 0.000012736878 0.613018
16 0.000013196176 0.659637
16 0.000016318280 0.711978
16 0.000017958405 0.758758
16 0.000019887958 0.809447
16 0.000021754258 0.856872
16 0.000024069540 0.908850
16 0.000026184193 0.954784
16 0.000029021725 1.011114
16 0.000026503346 0.955872
16 0.000024394461 0.908729
16 0.000022166074 0.857033
16 0.000020242802 0.810011
16 0.000018241733 0.757469
16 0.000016535093 0.711293
16 0.000013433919 0.658953
16 0.000012957924 0.610480
16 0.000010788220 0.534648
16 0.000009414656 0.485531
16 0.000008086963 0.433352
16 0.000006936753 0.385161
16 0.000005805254 0.335278
16 0.000004797072 0.286927
16 0.000003813727 0.233538
16 0.000002944919 0.184260
16 0.000002079283 0.131355
16 0.000001309496 0.082560
16 0.000000524815 0.031509
16 -0.000000981988 -0.060117
16 -0.000001725091 -0.109396
16 -0.000002499385 -0.159037
16 -0.000003301575 -0.209242
16 -0.000004118264 -0.259044
16 -0.000005004482 -0.308322
16 -0.000005906054 -0.358125
16 -0.000006870497 -0.406799
16 -0.000007915240 -0.459341
16 -0.000008981846 -0.508982
16 -0.000010119824 -0.558381
16 -0.000011312105 -0.607539
16 -0.000012667552 -0.659718
16 -0.000012996165 -0.709037
16 -0.000016495603 -0.782289
16 -0.000018256175 -0.836887
16 -0.000019878337 -0.884029
16 -0.000021773648 -0.936934
16 -0.000023572230 -0.983714
16 -0.000025780960 -1.038150
16 -0.000023586740 -0.984762
16 -0.000021700860 -0.937418
16 -0.000019721450 -0.883787
16 -0.000018093763 -0.837652
16 -0.000016369320 -0.782612
16 -0.000012914580 -0.710044
16 -0.000012551576 -0.660484
16 -0.000011218656 -0.608908
16 -0.000010034179 -0.558784
16 -0.000008909438 -0.509264
16 -0.000007841810 -0.459945
16 -0.000006814469 -0.408128
16 -0.000005861333 -0.359253
16 -0.000004953741 -0.308040
16 -0.000004111442 -0.260696
16 -0.000003302632 -0.210531
16 -0.000002509746 -0.161051
16 -0.000001715940 -0.109597
16 -0.000000967550 -0.060923
