6 0.000025394141 0.810092
6 0.000027717548 0.856791
6 0.000030320143 0.909011
6 0.000032732009 0.955993
6 0.000035708211 1.011073
6 0.000038488713 1.059183
6 0.000041458610 1.110113
6 0.000044409339 1.156047
6 0.000047849948 1.210363
6 0.000050757616 1.256498
6 0.000054378348 1.307791
6 0.000057711998 1.354168
6 0.000061278527 1.407073
6 0.000064549740 1.452887
6 0.000068164010 1.507242
6 0.000071304992 1.553498
6 0.000074730929 1.606806
6 0.000077903422 1.653667
6 0.000080765126 1.705081
6 0.000082975793 1.752304
6 0.000086036762 1.807868
6 0.000088741803 1.854084
6 0.000092347049 1.907996
6 0.000097637626 1.984231
6 0.000101478981 2.033550
6 0.000097360004 1.983506
6 0.000091146104 1.907392
6 0.000086805538 1.853480
6 0.000083724647 1.807102
6 0.000078171922 1.751337
6 0.000074703660 1.704677
6 0.000071091575 1.653667
6 0.000067588210 1.606806
6 0.000063471254 1.553619
6 0.000060198292 1.506114
6 0.000056399932 1.452524
6 0.000052918783 1.406832
6 0.000049120051 1.352597
6 0.000046244922 1.306905
6 0.000042943403 1.255652
6 0.000040155749 1.208953
6 0.000036799320 1.154597
6 0.000034321994 1.109187
6 0.000031474272 1.057853
6 0.000028996690 1.010670
6 0.000026180361 0.954623
6 0.000023967557 0.908044
6 0.000021523957 0.855865
6 0.000019462309 0.808480
6 0.000017343696 0.757026
6 0.000015506069 0.709923
6 0.000013266641 0.657462
6 0.000011615189 0.610964
6 0.000009147472 0.533117
6 0.000007694088 0.485330
6 0.000006306112 0.433271
6 0.000005068026 0.383912
6 0.000003934519 0.334875
6 0.000002986702 0.285758
6 0.000002083776 0.233538
6 0.000001415014 0.183051
6 0.000000871609 0.130509
6 0.000000486762 0.080667
6 0.000000180908 0.030421
6 -0.000000408202 -0.060842
6 -0.000000840487 -0.110201
6 -0.000001444796 -0.161575
6 -0.000002189779 -0.210652
6 -0.000003053421 -0.260777
6 -0.000004116684 -0.308121
6 -0.000005374625 -0.358165
6 -0.000006761348 -0.407685
6 -0.000008239690 -0.459099
6 -0.000009611197 -0.508418
6 -0.000011338440 -0.557898
6 -0.000012837261 -0.607700
6 -0.000015018141 -0.658872
6 -0.000016832210 -0.708755
6 -0.000019571716 -0.781927
6 -0.000021513196 -0.835637
6 -0.000023190506 -0.882297
6 -0.000024923466 -0.936370
6 -0.000026397832 -0.982385
6 -0.000027620318 -1.036780
6 -0.000029430417 -1.084890
6 -0.000031200809 -1.135700
6 -0.000032707103 -1.181956
6 -0.000034890728 -1.233491
6 -0.000037404135 -1.281843
6 -0.000044276217 -1.334949
6 -0.000055132140 -1.381527
6 -0.000062275784 -1.435279
6 -0.000067454998 -1.482663
6 -0.000072800770 -1.533110
6 -0.000077574577 -1.579326
6 -0.000082324352 -1.631465
6 -0.000086749328 -1.679817
6 -0.000091835248 -1.732923
6 -0.000096062566 -1.779744
6 -0.000100354183 -1.828861
6 -0.000104257481 -1.876971
6 -0.000108647343 -1.928224
6 -0.000112536561 -1.975165
6 -0.000117654122 -2.026860
6 -0.000113174291 -1.975366
6 -0.000109354610 -1.928385
6 -0.000104911439 -1.876729
6 -0.000100918739 -1.829465
6 -0.000096522861 -1.779300
6 -0.000092423581 -1.732399
6 -0.000088231135 -1.678971
6 -0.000084412182 -1.631707
6 -0.000080179338 -1.580978
6 -0.000076713593 -1.533070
6 -0.000072682253 -1.481857
6 -0.000068990845 -1.433828
6 -0.000065010892 -1.380722
6 -0.000061332620 -1.333861
6 -0.000057476800 -1.281117
6 -0.000054213700 -1.233894
6 -0.000050774079 -1.181634
6 -0.000047514988 -1.135297
6 -0.000044366948 -1.084810
6 -0.000041408846 -1.036257
6 -0.000038240426 -0.983231
6 -0.000035572540 -0.937055
6 -0.000032707117 -0.883828
6 -0.000030227538 -0.836524
6 -0.000027550800 -0.781645
6 -0.000024129631 -0.708473
6 -0.000021926390 -0.659799
6 -0.000019753566 -0.608022
6 -0.000017778336 -0.557454
6 -0.000015849305 -0.508539
6 -0.000012775138 -0.459341
6 -0.000012023127 -0.407886
6 -0.000010403916 -0.358245
6 -0.000008802764 -0.309128
6 -0.000007317707 -0.259004
6 -0.000005899997 -0.211095
6 -0.000004478860 -0.161333
6 -0.000003087377 -0.110282
6 -0.000001713435 -0.059593
6 0.000000964674 0.031590
6 0.000002298443 0.081916
6 0.000003659347 0.131718
6 0.000005123131 0.183454
6 0.000006560819 0.234143
6 0.000008108074 0.286484
6 0.000009653853 0.334835
6 0.000011240749 0.385040
6 0.000012905461 0.433593
6 0.000015068152 0.486055
6 0.000016976444 0.535696
6 0.000020104452 0.612454
6 0.000022146967 0.658509
6 0.000024488186 0.710729
6 0.000026748076 0.757227
6 0.000029446348 0.809245
6 0.000031955701 0.856106
6 0.000034826251 0.908487
6 0.000037543672 0.955912
6 0.000040993923 1.010429
6 0.000043829108 1.057612
6 0.000047142687 1.108180
6 0.000049979887 1.154436
6 0.000053267374 1.208872
6 0.000055821407 1.254967
6 0.000058960172 1.306421
6 0.000061210039 1.353524
6 0.000064200479 1.406106
6 0.000066670667 1.452846
6 0.000069664068 1.506154
6 0.000071969417 1.552854
6 0.000075321776 1.606040
6 0.000078017197 1.653304
6 0.000080718708 1.704637
6 0.000082860149 1.751297
6 0.000086571798 1.807022
6 0.000089189693 1.854004
6 0.000092801103 1.907070
6 0.000097028556 1.984070
6 0.000100914271 2.033510
6 0.000096654589 1.983264
6 0.000090407545 1.906868
6 0.000085854682 1.853077
6 0.000082034653 1.807425
6 0.000077623510 1.750531
6 0.000073801048 1.703952
6 0.000069952293 1.653828
6 0.000066477977 1.607209
6 0.000062697706 1.552813
6 0.000059310131 1.505590
6 0.000055350301 1.453532
6 0.000052315947 1.406590
6 0.000048607265 1.352758
6 0.000045809484 1.307026
6 0.000042587895 1.256015
6 0.000039664820 1.208590
6 0.000036571191 1.155161
6 0.000034026465 1.108381
6 0.000031178834 1.057894
6 0.000028770779 1.011355
6 0.000026022030 0.955066
6 0.000023808891 0.907802
6 0.000021426427 0.856670
6 0.000019466318 0.809084
6 0.000017328429 0.757267
6 0.000015536530 0.710930
6 0.000013310588 0.658549
6 0.000011735672 0.612051
6 0.000009191393 0.535454
6 0.000007701076 0.486297
6 0.000006264197 0.433311
6 0.000005061450 0.384275
6 0.000003930731 0.334714
6 0.000002973933 0.285718
6 0.000002104782 0.234989
6 0.000001416590 0.184018
6 0.000000852454 0.130832
6 0.000000476415 0.081110
6 0.000000183796 0.031147
6 -0.000000379846 -0.060560
6 -0.000000795135 -0.109678
6 -0.000001385873 -0.159923
6 -0.000002142953 -0.210773
6 -0.000003020563 -0.259205
6 -0.000004071299 -0.308725
6 -0.000005216959 -0.358810
6 -0.000006491049 -0.407564
6 -0.000007863476 -0.459139
6 -0.000009364506 -0.508659
6 -0.000010905293 -0.557092
6 -0.000012538923 -0.607498
6 -0.000013286184 -0.659758
6 -0.000016302314 -0.709198
6 -0.000019286724 -0.781967
6 -0.000021235507 -0.836564
6 -0.000023155302 -0.883909
6 -0.000025025553 -0.937337
6 -0.000026311297 -0.983070
6 -0.000028256908 -1.036982
6 -0.000030012695 -1.085374
6 -0.000031905930 -1.136264
6 -0.000033840786 -1.183004
6 -0.000036810610 -1.235022
6 -0.000039849557 -1.282447
6 -0.000044423715 -1.335432
6 -0.000052392016 -1.381004
6 -0.000060006896 -1.434553
6 -0.000065362644 -1.482502
6 -0.000070161532 -1.533674
6 -0.000074613177 -1.580494
6 -0.000079801333 -1.632674
6 -0.000083456764 -1.679575
6 -0.000088294955 -1.734736
6 -0.000092177806 -1.780912
6 -0.000096296246 -1.830956
6 -0.000100422651 -1.877737
6 -0.000105169021 -1.929433
6 -0.000109470629 -1.976011
6 -0.000114015894 -2.028915
6 -0.000109920437 -1.976535
6 -0.000106176127 -1.929029
6 -0.000101805537 -1.877414
6 -0.000097852947 -1.830755
6 -0.000093797778 -1.780469
6 -0.000090199305 -1.733930
6 -0.000085732519 -1.680421
6 -0.000081925153 -1.633077
6 -0.000077674698 -1.580857
6 -0.000074053943 -1.532546
6 -0.000070189218 -1.482985
6 -0.000066477972 -1.434674
6 -0.000062439031 -1.381124
6 -0.000058952476 -1.334183
6 -0.000055235860 -1.281238
6 -0.000052059269 -1.234539
6 -0.000048670277 -1.182198
6 -0.000045662836 -1.135256
6 -0.000042510803 -1.084406
6 -0.000039746581 -1.038271
6 -0.000036685792 -0.983513
6 -0.000034094715 -0.936612
6 -0.000031283155 -0.882780
6 -0.000028904240 -0.835879
6 -0.000026333706 -0.781645
6 -0.000023074038 -0.710165
6 -0.000020985334 -0.659960
6 -0.000018834021 -0.607579
6 -0.000016934706 -0.558018
6 -0.000015137425 -0.508256
6 -0.000013106583 -0.458454
6 -0.000011456691 -0.408209
6 -0.000009873115 -0.357883
6 -0.000008420992 -0.308242
6 -0.000006984937 -0.259568
6 -0.000005619571 -0.209564
6 -0.000004262797 -0.159399
6 -0.000002950175 -0.110000
6 -0.000001659898 -0.060359
6 0.000000920425 0.032234
6 0.000002214587 0.082560
6 0.000003515207 0.131758
6 0.000004942082 0.185066
6 0.000006297050 0.235110
6 0.000007768740 0.286524
6 0.000009272150 0.336447
6 0.000010811233 0.385081
6 0.000012379976 0.433674
6 0.000013147484 0.485410
6 0.000016283635 0.534528
6 0.000019293521 0.610802
6 0.000021238313 0.657824
6 0.000023538388 0.709520
6 0.000025791552 0.757993
6 0.000028349068 0.810092
6 0.000030793893 0.856187
6 0.000033594098 0.908084
6 0.000036313145 0.955549
6 0.000039729178 1.009945
6 0.000042620188 1.057007
6 0.000045574481 1.107293
6 0.000048608712 1.153952
6 0.000051790483 1.207905
6 0.000054639344 1.254685
6 0.000057870500 1.306502
6 0.000060468504 1.352718
6 0.000063605707 1.406106
6 0.000066117711 1.452000
6 0.000068409453 1.505550
6 0.000071098878 1.551363
6 0.000074519459 1.606121
6 0.000077138834 1.652901
6 0.000079943200 1.703871
6 0.000082864996 1.749564
6 0.000085759926 1.806296
6 0.000088758874 1.852070
6 0.000092102555 1.905418
6 0.000098081290 1.982620
6 0.000101440038 2.031132
6 0.000097154632 1.983224
6 0.000090573866 1.906345
6 0.000086378887 1.852836
6 0.000082253747 1.806377
6 0.000077443752 1.750048
6 0.000074243646 1.703227
6 0.000070088732 1.652619
6 0.000066543823 1.606121
6 0.000062958209 1.552007
6 0.000059290081 1.504784
6 0.000055676913 1.451839
6 0.000052384325 1.403971
6 0.000049096721 1.351953
6 0.000046105882 1.305011
6 0.000043024540 1.254161
6 0.000040139884 1.207461
6 0.000037103730 1.154436
6 0.000034582073 1.107374
6 0.000031797869 1.056484
6 0.000029404125 1.009180
6 0.000026648893 0.955066
6 0.000024393399 0.907158
6 0.000021999117 0.855180
6 0.000020057926 0.808480
6 0.000017859147 0.756784
6 0.000016046945 0.709440
6 0.000012722145 0.657703
6 0.000012100286 0.611125
6 0.000009627745 0.535494
6 0.000008111246 0.485370
6 0.000006655274 0.432546
6 0.000005430944 0.384154
6 0.000004280875 0.334311
6 0.000003250722 0.284993
6 0.000002309843 0.232934
6 0.000001575409 0.183897
6 0.000000981000 0.131234
6 0.000000535567 0.080868
6 0.000000200189 0.030542
6 -0.000000426434 -0.060842
6 -0.000000900005 -0.111410
6 -0.000001526802 -0.161092
6 -0.000002283702 -0.210813
6 -0.000003209218 -0.258762
6 -0.000004274588 -0.309209
6 -0.000005521229 -0.359172
6 -0.000006839189 -0.408813
6 -0.000008345870 -0.460026
6 -0.000009733727 -0.508941
6 -0.000011254727 -0.558945
6 -0.000012902776 -0.608707
6 -0.000015084714 -0.661088
6 -0.000017055986 -0.709520
6 -0.000019827956 -0.783216
6 -0.000021908397 -0.836363
6 -0.000023795001 -0.884513
6 -0.000025564768 -0.937740
6 -0.000027092146 -0.984762
6 -0.000029057016 -1.039037
6 -0.000030294277 -1.085172
6 -0.000032108930 -1.136223
6 -0.000034251741 -1.183165
6 -0.000037388205 -1.235788
6 -0.000041409457 -1.281722
6 -0.000045009648 -1.334586
6 -0.000051171812 -1.381124
6 -0.000057842684 -1.435037
6 -0.000062686718 -1.482220
6 -0.000067658278 -1.534319
6 -0.000072137692 -1.579971
6 -0.000077032028 -1.632835
6 -0.000081350473 -1.680743
6 -0.000086041758 -1.733931
6 -0.000090586927 -1.780992
6 -0.000094867791 -1.830755
6 -0.000099534411 -1.878381
6 -0.000103905852 -1.929352
6 -0.000108138705 -1.976857
6 -0.000112874244 -2.030004
6 -0.000108914329 -1.976253
6 -0.000104922249 -1.929634
6 -0.000100622084 -1.878099
6 -0.000096714088 -1.831923
6 -0.000092650640 -1.781113
6 -0.000088976232 -1.733568
6 -0.000084627886 -1.681308
6 -0.000081053042 -1.633601
6 -0.000076875028 -1.581300
6 -0.000073357072 -1.534278
6 -0.000069344031 -1.483952
6 -0.000065890147 -1.437052
6 -0.000061806710 -1.381688
6 -0.000058367261 -1.335513
6 -0.000054891794 -1.282890
6 -0.000051608717 -1.235465
6 -0.000048116205 -1.183931
6 -0.000045169591 -1.137190
6 -0.000042060802 -1.085978
6 -0.000039323535 -1.038755
6 -0.000036274286 -0.985004
6 -0.000033666472 -0.938022
6 -0.000030910272 -0.884996
6 -0.000028548497 -0.837289
6 -0.000026053602 -0.782853
6 -0.000022793439 -0.710044
6 -0.000020686715 -0.660081
6 -0.000018653196 -0.608385
6 -0.000016782387 -0.558663
6 -0.000014983430 -0.509868
6 -0.000013005355 -0.460348
6 -0.000011315278 -0.409216
6 -0.000009804136 -0.358769
6 -0.000008295803 -0.309330
6 -0.000006901888 -0.259769
6 -0.000005541310 -0.210169
6 -0.000004212345 -0.160689
6 -0.000002920100 -0.110161
6 -0.000001635556 -0.061044
6 0.000000885863 0.030462
6 0.000002167654 0.081634
6 0.000003421266 0.130751
6 0.000004823736 0.183253
6 0.000006167188 0.233297
6 0.000007650120 0.286645
6 0.000009082128 0.335440
6 0.000010612472 0.383429
6 0.000012163968 0.433392
6 0.000012895149 0.485048
6 0.000016001639 0.533440
6 0.000018972299 0.611366
6 0.000020935347 0.657784
6 0.000023183729 0.710286
6 0.000025327468 0.757308
6 0.000027774173 0.809245
6 0.000030220471 0.856872
6 0.000032943026 0.908850
6 0.000035693107 0.954905
6 0.000038905131 1.011073
6 0.000041771530 1.058055
6 0.000045063832 1.108824
6 0.000048089384 1.154839
6 0.000051523207 1.208550
6 0.000054231905 1.255008
6 0.000057845216 1.306865
6 0.000060333858 1.352396
6 0.000063175308 1.405220
6 0.000065741959 1.452766
6 0.000068512055 1.505107
6 0.000071252692 1.553861
6 0.000074434421 1.606242
6 0.000076917372 1.652700
6 0.000079876911 1.703428
6 0.000082420596 1.750572
6 0.000086177061 1.806095
6 0.000089316699 1.853440
6 0.000092575401 1.907875
6 0.000098090047 1.982781
6 0.000102427217 2.033389
6 0.000098011365 1.983868
6 0.000091307342 1.907070
6 0.000086983093 1.853883
6 0.000083429974 1.807344
6 0.000078622949 1.750934
6 0.000074813801 1.703872
6 0.000070926260 1.653667
6 0.000068109707 1.605960
6 0.000063915704 1.552934
6 0.000060348002 1.506476
6 0.000056680305 1.452725
6 0.000053456075 1.405985
6 0.000049823895 1.352476
6 0.000046909721 1.307268
6 0.000043510082 1.255813
6 0.000040731075 1.207945
6 0.000037662881 1.154315
6 0.000035073357 1.108542
6 0.000032289086 1.056886
6 0.000029843662 1.009421
6 0.000027127387 0.954462
6 0.000024741566 0.907842
6 0.000022382710 0.855341
6 0.000020390254 0.809286
6 0.000018249485 0.757751
6 0.000016361142 0.710769
6 0.000013085497 0.658590
6 0.000012434347 0.611246
6 0.000009945675 0.535615
6 0.000008455079 0.486659
6 0.000006974359 0.435487
6 0.000005659376 0.385282
6 0.000004489506 0.335762
6 0.000003414433 0.286322
6 0.000002435691 0.233901
6 0.000001674278 0.183777
6 0.000001045686 0.131799
6 0.000000577617 0.081553
6 0.000000225540 0.032758
6 -0.000000453723 -0.059835
6 -0.000000936791 -0.109919
6 -0.000001590204 -0.161777
6 -0.000002392478 -0.211015
6 -0.000003356928 -0.259447
6 -0.000004453716 -0.308967
6 -0.000005669654 -0.358286
6 -0.000007037512 -0.408128
6 -0.000008438528 -0.457890
6 -0.000009978820 -0.507733
6 -0.000011520758 -0.558018
6 -0.000013294985 -0.607136
6 -0.000015431887 -0.660202
6 -0.000017334285 -0.708070
6 -0.000020178872 -0.781363
6 -0.000022377782 -0.836000
6 -0.000024151247 -0.882659
6 -0.000026408240 -0.938062
6 -0.000028425408 -0.983553
6 -0.000030553765 -1.038150
6 -0.000032621892 -1.085333
6 -0.000034387523 -1.136425
6 -0.000036570659 -1.183407
6 -0.000039734982 -1.234740
6 -0.000042310697 -1.282004
6 -0.000046748235 -1.334667
6 -0.000051962315 -1.381124
6 -0.000056474589 -1.434231
6 -0.000061960893 -1.482180
6 -0.000067114536 -1.532747
6 -0.000071752834 -1.579931
6 -0.000076304943 -1.631828
6 -0.000080038607 -1.679696
6 -0.000085206358 -1.734051
6 -0.000089627045 -1.780025
6 -0.000094120452 -1.829667
6 -0.000098273466 -1.877938
6 -0.000102905046 -1.929231
6 -0.000107472734 -1.976374
6 -0.000111854505 -2.028392
6 -0.000107849397 -1.975769
6 -0.000103993738 -1.928465
6 -0.000099412115 -1.876407
6 -0.000095562559 -1.829264
6 -0.000091455096 -1.779703
6 -0.000088242624 -1.732883
6 -0.000083616305 -1.679293
6 -0.000079846670 -1.631868
6 -0.000075896312 -1.579971
6 -0.000072383260 -1.533432
6 -0.000068375234 -1.482663
6 -0.000065099278 -1.435440
6 -0.000061134288 -1.381003
6 -0.000057868823 -1.333579
6 -0.000054195492 -1.282125
6 -0.000051057629 -1.233732
6 -0.000047738517 -1.182883
6 -0.000044708941 -1.135538
6 -0.000041579420 -1.084729
6 -0.000038913654 -1.037989
6 -0.000035861095 -0.984037
6 -0.000033418380 -0.935846
6 -0.000030688201 -0.884190
6 -0.000028383681 -0.836443
6 -0.000025853161 -0.781887
6 -0.000022650012 -0.709681
6 -0.000020595187 -0.659517
6 -0.000018546678 -0.607740
6 -0.000016711819 -0.558139
6 -0.000014916098 -0.509707
6 -0.000012963323 -0.459784
6 -0.000011291616 -0.408733
6 -0.000009786825 -0.359454
6 -0.000008270089 -0.308846
6 -0.000006869363 -0.260333
6 -0.000005511593 -0.210974
6 -0.000004215289 -0.160890
6 -0.000002884676 -0.109476
6 -0.000001630537 -0.061568
6 0.000000886663 0.031590
6 0.000002151445 0.081513
6 0.000003415185 0.131476
6 0.000004789929 0.184139
6 0.000006140424 0.233579
6 0.000007577377 0.286322
6 0.000008992405 0.335480
6 0.000010539787 0.385040
6 0.000012096680 0.433714
6 0.000012817793 0.485370
6 0.000015889991 0.534930
6 0.000018873436 0.612494
6 0.000020678831 0.658590
6 0.000022933318 0.710245
6 0.000025001698 0.757429
6 0.000027528561 0.809125
6 0.000029880483 0.855421
6 0.000032607528 0.908648
6 0.000035243218 0.954703
6 0.000038483983 1.010227
6 0.000041265583 1.057894
6 0.000044357156 1.107777
6 0.000047176352 1.154839
6 0.000050773290 1.208146
6 0.000053518467 1.254685
6 0.000056764104 1.306462
6 0.000059484393 1.353524
6 0.000063083893 1.406711
6 0.000065872688 1.452967
6 0.000068805766 1.505308
6 0.000071255824 1.553337
6 0.000074939168 1.606887
6 0.000077315176 1.653465
6 0.000079982788 1.704154
6 0.000082609266 1.751498
6 0.000085925774 1.807465
6 0.000089108486 1.853480
6 0.000092855946 1.907835
6 0.000098455496 1.983063
6 0.000101378621 2.031696
6 0.000097110673 1.982337
6 0.000090609186 1.906304
6 0.000086656067 1.853359
6 0.000082252522 1.805813
6 0.000078086622 1.749242
6 0.000074630638 1.703630
6 0.000070470253 1.652296
6 0.000066906991 1.605678
6 0.000063144470 1.552088
6 0.000059820652 1.505348
6 0.000056081894 1.452443
6 0.000052925028 1.406066
6 0.000049275312 1.352678
6 0.000046293748 1.306502
6 0.000043192497 1.254967
6 0.000040405724 1.207663
6 0.000037265721 1.153912
6 0.000034528342 1.106890
6 0.000031913398 1.056886
6 0.000029547673 1.010590
6 0.000026718671 0.954945
6 0.000024582408 0.907762
6 0.000022300402 0.856066
6 0.000020238706 0.808440
6 0.000018108398 0.756341
6 0.000016321013 0.710245
6 0.000013014997 0.657985
6 0.000012402228 0.611850
6 0.000009906736 0.535092
6 0.000008409990 0.485773
6 0.000006944474 0.433714
6 0.000005640202 0.384355
6 0.000004417662 0.334271
6 0.000003412449 0.286282
6 0.000002452238 0.234344
6 0.000001690905 0.183615
6 0.000001041350 0.131799
6 0.000000601194 0.082238
6 0.000000228223 0.031912
6 -0.000000462218 -0.060601
6 -0.000000948656 -0.110363
6 -0.000001604514 -0.160729
6 -0.000002397750 -0.209846
6 -0.000003322299 -0.259245
6 -0.000004424449 -0.308725
6 -0.000005627637 -0.358810
6 -0.000006922638 -0.408854
6 -0.000008406529 -0.459945
6 -0.000009808319 -0.507974
6 -0.000011495273 -0.558220
6 -0.000013235987 -0.607136
6 -0.000015440138 -0.660403
6 -0.000017385642 -0.708634
6 -0.000020392029 -0.782692
6 -0.000022340727 -0.835718
6 -0.000024326947 -0.882941
6 -0.000026340660 -0.936330
6 -0.000028075445 -0.983674
6 -0.000030018446 -1.036982
6 -0.000032123502 -1.084648
6 -0.000034136360 -1.135579
6 -0.000036252430 -1.183084
6 -0.000038326293 -1.234740
6 -0.000039887097 -1.281359
6 -0.000043294884 -1.333982
6 -0.000047602026 -1.382051
6 -0.000053961917 -1.435117
6 -0.000059883360 -1.482703
6 -0.000064709476 -1.534077
6 -0.000069660976 -1.581300
6 -0.000074070326 -1.633118
6 -0.000078311907 -1.680059
6 -0.000083691776 -1.734293
6 -0.000088007572 -1.780872
6 -0.000092191202 -1.830553
6 -0.000097123416 -1.878502
6 -0.000102082637 -1.929110
6 -0.000106490797 -1.976575
6 -0.000110733084 -2.029480
6 -0.000106699003 -1.976978
6 -0.000102735758 -1.929916
6 -0.000098545792 -1.878704
6 -0.000094707852 -1.830553
6 -0.000090649105 -1.781436
6 -0.000087177243 -1.735018
6 -0.000083092708 -1.681187
6 -0.000079111506 -1.633520
6 -0.000075404188 -1.581623
6 -0.000071443133 -1.534641
6 -0.000067641489 -1.483670
6 -0.000064300666 -1.436004
6 -0.000060255896 -1.382052
6 -0.000056913407 -1.335432
6 -0.000053380445 -1.282568
6 -0.000050191015 -1.234780
6 -0.000047001117 -1.184213
6 -0.000044004432 -1.136828
6 -0.000040963882 -1.085776
6 -0.000038217996 -1.038070
6 -0.000035214826 -0.984440
6 -0.000032786084 -0.938546
6 -0.000030066175 -0.885117
